11011110111110101100111011011011011111
10101011111000010011100011011110011111
10101101011001000001011001100010011111
00001000000000000100010100000000011111
00000000100100110000000000000001011111
00000000000000000100000000010001011111
10101010010000010000101000011001011111
10000111011011001010110001000000011111
10010010010100101111100111100000011111
00110000001110010000000001111111011111
11011000000110010110001011110011011111
11011110110000011011101110011000011111
11011001001011110111010000000010011111
11101000100110001100111011001000011111
01111001010101000010110010111101011111
00101000001000110100110011000110011111
10110000110010010110001001100010011111
01100010011000100110001001100010011111
01100010011000100110001001100010011111
01100010011000100110001001100010011111
01100010011000100110001001100010011111
01100010011000100110001001100010011111
01100010011000100110001001100010011111
01100010011000100110001001100010011111
01100010011000100110001001100010011111
01100010011000100110001001100010011111
01100010011000100110001001100010011111
01100010011000100110001001100010011111
01100010011000100110001001100010011111
01100010011000100110001001100010011111
01100010011000100110001001100010011111
01100010011000100110001001100010011111
01100010011000100110001001100010011111
01100010011000100110001001100010011111
01100010011000100110001001100010011111
01100010011000100110001001100010011111
01100010000000000000000000000000011111
00000000000000000000000000000000011111
00000000000000000000000000000000011111
00000000000000000000000000000000011111
00000000000000000000000000000000110001
11011110111110101100111011011011011111
10101011111000010011100011011110011111
10101101011001000001011001100010011111
00001000000000000100010100000000011111
00000000100101110000000000000001011111
00000000000000000100000000010001011111
10101010001111010000101000011001011111
10000111011011001010110001000000011111
10010010010100101111100111100000011111
00110000001110010000000010000011011111
01100100001010000110011000000001011111
10011000011001011000010001101010011111
00010011000001111000111001110100011111
10011000001010111000010001110101011111
00010011000110110000010010000011011111
01001101110110000100111111000110011111
10110000110010010110000101100001011111
01100001011000010110000101100001011111
01100001011000010110000101100001011111
01100001011000010110000101100001011111
01100001011000010110000101100001011111
01100001011000010110000101100001011111
01100001011000010110000101100001011111
01100001011000010110000101100001011111
01100001011000010110000101100001011111
01100001011000010110000101100001011111
01100001011000010110000101100001011111
01100001011000010110000101100001011111
01100001011000010110000101100001011111
01100001011000010110000101100001011111
01100001011000010110000101100001011111
01100001011000010110000101100001011111
01100001011000010110000101100001011111
01100001011000010110000101100001011111
01100001011000010110000101100001011111
01100001011000010110000101100001011111
01100001011000010110000101100001011111
01100001000000000000000000000000011111
00000000000000000000000000000000011111
00000000000000000000000000000000011111
00000000000000000000000000000000011111
00000000000000000000000000000000110001
11011110111110101100111011011011011111
10101011111000010011100011011110011111
10101101011001000001011001100010011111
00001000000000000100010100000000011111
00000001001000110000000000000001011111
00000000000000000100000000010001011111
10101001101100010000101000011001011111
10000111011011001010110001000000011111
10010010010100101111100111100000011111
00110000001110010000000100001111011111
00011000110001000110000110110011011111
01100000100100010100111010111000011111
11010100101010000101101011011101011111
01110110110101011111000010101000011111
10011000110100110100110000001110011111
10001000000000011110001001111000011111
01111000011000110110001101100011011111
01100011011000110110001101100011011111
01100011011000110110001101100011011111
01100011011000110110001101100011011111
01100011011000110110001101100011011111
01100011011000110110001101100011011111
01100011011000110110001101100011011111
01100011011000110110001101100011011111
01100011011000110110001101100011011111
01100011011000110110001101100011011111
01100011011000110110001101100011011111
01100011011000110110001101100011011111
01100011011000110110001101100011011111
01100011011000110110001101100011011111
01100011011000110110001101100011011111
01100011011000110110001101100011011111
01100011011000110110001101100011011111
01100011011000110110001101100011011111
01100011011000110110001101100011011111
01100011011000110110001101100011011111
01100011011000110110001101100011011111
01100011011000110110001101100011011111
01100011011000110110001101100011011111
01100011011000110110001101100011011111
01100011011000110110001101100011011111
01100011011000110110001101100011011111
01100011011000110110001101100011011111
01100011011000110110001101100011011111
01100011011000110110001101100011011111
01100011011000110110001101100011011111
01100011011000110110001101100011011111
01100011011000110110001101100011011111
01100011011000110110001101100011011111
01100011011000110110001101100011011111
01100011011000110110001101100011011111
01100011011000110110001101100011011111
01100011011000110110001101100011011111
01100011011000110110001101100011011111
01100011011000110110001101100011011111
01100011011000110110001101100011011111
01100011011000110110001101100011011111
01100011011000110110001101100011011111
01100011011000110110001101100011011111
01100011011000110110001101100011011111
01100011011000110110001101100011011111
01100011011000110110001101100011011111
01100011011000110110001101100011011111
01100011011000110110001101100011011111
01100011011000110110001101100011011111
01100011011000110110001101100011011111
01100011011000110110001101100011011111
01100011011000110110001101100011011111
01100011011000110110001101100011011111
01100011011000110110001101100011011111
01100011011000110110001101100011011111
01100011011000110110001101100011011111
01100011000000000000000000000000011111
00000000000000000000000000000000011111
00000000000000000000000000000000011111
00000000000000000000000000000000011111
00000000000000000000000000000000110001
11011110111110101100111011011011011111
10101011111000010011100011011110011111
10101101011001000001011001100010011111
00001000000000000100010100000000011111
00000000100101010000000000000001011111
00000000000000000100000000010001011111
10101010001111110000101000011001011111
10000111011011001010110001000000011111
10010010010100101111100111100000011111
00110000001110010000000010000001011111
10011100010111000110000000000001011111
10011000011001011000010001101010011111
00010011000001111000111001110100011111
10011000001010111000010001110101011111
00010011000110110000010010000011011111
01001101110110000100111111100100011111
01100100011001000110010001100100011111
01100100011001000110010001100100011111
01100100011001000110010001100100011111
01100100011001000110010001100100011111
01100100011001000110010001100100011111
01100100011001000110010001100100011111
01100100011001000110010001100100011111
01100100011001000110010001100100011111
01100100011001000110010001100100011111
01100100011001000110010001100100011111
01100100011001000110010001100100011111
01100100011001000110010001100100011111
01100100011001000110010001100100011111
01100100011001000110010001100100011111
01100100011001000110010001100100011111
01100100011001000110010001100100011111
01100100011001000110010001100100011111
01100100011001000110010001100100011111
01100100011001000110010001100100011111
01100100011001000110010001100100011111
01100100011001000110010000000000011111
00000000000000000000000000000000011111
00000000000000000000000000000000011111
00000000000000000000000000000000011111
00000000000000000000000000000000111101
11011110111110101100111011011011011111
10101011111000010011100011011110011111
10101101011001000001011001100010011111
00001000000000000100010100000000011111
00001001001111000000000000000001011111
00000000000000000100000000010001011111
10100001100110000000101000011001011111
10000111011011001010110001000000011111
10010010010100101111100111100000011111
00110000001110010000100100101000011111
00101001110100000110011101111000011111
01101110110111011101111010110010011111
10010101010110111011000000000010011111
10000111001010001011011000010001011111
01000011111101011011110000111100011111
01011101011101111101110100000000011111
00001000111011000001111001010011011111
01110101011100110111000001100101011111
01101110011001000110100101110011011111
01110011011001010010000001110000011111
01101111011100110111010101100101011111
01110010011001010010000001110101011111
01110100001000000111010001110101011111
01110010011100000110100101110011011111
00100000011100110110010101100100011111
00100000011100000111001001100101011111
01110100011010010111010101101101011111
00101110001000000100110101101111011111
01110010011000100110100100100000011111
01110011011000010110011101101001011111
01110100011101000110100101110011011111
00100000011011010110000101110011011111
01110011011000010010000001101001011111
01100100001000000110111001100101011111
01110001011101010110010100100000011111
01101101011000010111010001110100011111
01101001011100110010000001110011011111
01100011011001010110110001100101011111
01110010011010010111001101110001011111
01110101011001010010111000100000011111
01010000011010000110000101110011011111
01100101011011000110110001110101011111
01110011001000000110010001100001011111
01110000011010010110001001110101011111
01110011001011000010000001101110011111
01101001011000100110100000100000011111
01100001001000000111001101100011011111
01100101011011000110010101110010011111
01101001011100110111000101110101011111
01100101001000000110001101101111011111
01101110011001110111010101100101011111
00101100001000000110110101100001011111
01110101011100100110100101110011011111
00100000011101010111001001101110011111
01100001001000000110001101101111011111
01101110011001110111010101100101011111
00100000011011100110100101110011011111
01101001001011000010000001101001011111
01100100001000000111000001101100011111
01100001011000110110010101110010011111
01100001011101000010000001110010011111
01101001011100110111010101110011011111
00100000011011100110100101110011011111
01101001001000000110000100100000011111
01100001011011100111010001100101011111
00101110001000000100001101110010011111
01100001011100110010000001101100011111
01101111011100100110010101101101011111
00100000011001010111001001101111011111
01110011001011000010000001100110011111
01100001011000110110100101101100011111
01101001011100110110100101110011011111
00100000011100110110010101100100011111
00100000011001000110100101100111011111
01101110011010010111001101110011011111
01101001011011010010000001100001011111
01100011001011000010000001110101011111
01101100011101000111001001101001011111
01100011011001010111001100100000011111
01101110011011110110111000100000011111
01100101011110000010111000100000011111
01000110011101010111001101100011011111
01100101001000000111001101101001011111
01110100001000000110000101101101011111
01100101011101000010000001100100011111
01101001011001110110111001101001011111
01110011011100110110100101101101011111
00100000011100000111010101110010011111
01110101011100110010110000100000011111
01110011011001010110010000100000011111
01101111011100100110111001100001011111
01110010011001010010000001101100011111
01101111011100100110010101101101011111
00101110001000000100111001100001011111
01101101001000000110000101100011011111
00100000011001000110111101101100011111
01101111011100100010000001101101011111
01101111011011000110110001101001011111
01110011001011000010000001100011011111
01101111011011100111011001100001011111
01101100011011000110100101110011011111
00100000011011100110100101100010011111
01101000001000000111011001101001011111
01110100011000010110010100101100011111
00100000011100000111010101101100011111
01110110011010010110111001100001011111
01110010001000000111010001101111011111
01110010011101000110111101110010011111
00101110001000000101011001100101011111
01110011011101000110100101100010011111
01110101011011000111010101101101011111
00100000011100000111001001100101011111
01110100011010010111010101101101011111
00100000011100110110111101101100011111
01101100011010010110001101101001011111
01110100011101010110010001101001011111
01101110001000000110111001101001011111
01110011011011000010110000100000011111
01110011011010010111010000100000011111
01100001011011010110010101110100011111
00100000011101100110010101110011011111
01110100011010010110001001110101011111
01101100011101010110110100100000011111
01101111011001000110100101101111011111
00100000011100100111010101110100011111
01110010011101010110110100100000011111
01100101011001110110010101110100011111
00101110001000000101000001110010011111
01101111011010010110111000100000011111
01110110011000010111001001101001011111
01110101011100110010000001100001011111
01100011011000110111010101101101011111
01110011011000010110111000100000011111
01110001011101010110000101101101011111
00100000011001010110011101100101011111
01110100001000000111000001110010011111
01100101011101000110100101110101011111
01101101001011100010000001001110011111
01110101011011000110110001100001011111
00100000011100000110111101110010011111
01110100011101000110100101110100011111
01101111011100100010000001101110011111
01110101011011000110110001100001011111
00100000011011000110100101100111011111
01110101011011000110000100101100011111
00100000011100010111010101101001011111
01110011001000000110010001101001011111
01100011011101000111010101101101011111
00100000011011000110100101100010011111
01100101011100100110111100100000011111
01110011011011110110010001100001011111
01101100011001010111001100100000011111
01110110011010010111010001100001011111
01100101001011100010000001010011011111
01110101011100110111000001100101011111
01101110011001000110100101110011011111
01110011011001010010000001110001011111
01110101011010010111001100100000011111
01100011011011110110111001100111011111
01110101011001010010000001101101011111
01101001001011100010000001001110011111
01110101011011000110110001100001011111
01101101001000000110000100100000011111
01110100011001010110110101110000011111
01110101011100110010000001101100011111
01101001011001110111010101101100011111
01100001001011100010000001000100011111
01110101011010010111001100100000011111
01110000011010000110000101110010011111
01100101011101000111001001100001011111
00100000011010010110111000100000011111
01101110011010010110001001101000011111
00100000011100110110010101100100011111
00100000011011010110111101101100011111
01101100011010010111001100101110011111
00100000010011010110000101100101011111
01100011011001010110111001100001011111
01110011001000000110110101101111011111
01101100011001010111001101110100011111
01101001011001010010000001101110011111
01101001011100110110100100100000011111
01110001011101010110100101110011011111
00100000011000110110111101101110011111
01100111011101010110010100100000011111
01110011011101010111001101100011011111
01101001011100000110100101110100011111
00101110001000000101001101110101011111
01110011011100000110010101101110011111
01100100011010010111001101110011011111
01100101001000000110100101100100011111
00100000011011000110100101100010011111
01100101011100100110111100100000011111
01101101011011110110110001100101011111
01110011011101000110100101100101011111
00101100001000000110001101101111011111
01101110011001110111010101100101011111
00100000011100000111010101110010011111
01110101011100110010000001100101011111
01110101001011000010000001101100011111
01100001011000110110100101101110011111
01101001011000010010000001101101011111
01101001001011100010000001010110011111
01101001011101100110000101101101011111
01110101011100110010000001100110011111
01110010011010010110111001100111011111
01101001011011000110110001100001011111
00101100001000000110110101101001011111
00100000011001010111010100100000011111
01110010011010000110111101101110011111
01100011011101010111001100100000011111
01100110011100100110100101101110011111
01100111011010010110110001101100011111
01100001001011000010000001100100011111
01101001011000010110110100100000011111
01101110011010010111001101101001011111
00100000011100000110110001100001011111
01100011011001010111001001100001011111
01110100001000000110110101101001011111
00101100001000000111011001100101011111
01101100001000000111010101101100011111
01101100011000010110110101100011011111
01101111011100100111000001100101011111
01110010001000000110011001100101011111
01101100011010010111001100100000011111
01100100011101010110100100100000011111
01101110011001010110001100100000011111
01100100011101010110100100101110011111
00100000010001000111010101101001011111
01110011001000000110100001100101011111
01101110011001000111001001100101011111
01110010011010010111010000100000011111
01100101011100110111010000100000011111
01100011011011110110111001110110011111
01100001011011000110110001101001011111
01110011001011000010000001101100011111
01100001011000110110100101101110011111
01101001011000010010000001100101011111
01110010011000010111010000100000011111
01100101011001110110010101110100011111
00101100001000000111001101101111011111
01100100011000010110110001100101011111
01110011001000000110110001101111011111
01110010011001010110110100101110011111
00100000010100000111001001100001011111
01100101011100110110010101101110011111
01110100001000000111001101101111011111
01100100011000010110110001100101011111
01110011001000000111001101100011011111
01100101011011000110010101110010011111
01101001011100110111000101110101011111
01100101001000000110111001110101011111
01101110011000110010110000100000011111
01110001011101010110100101110011011111
00100000011001100110100101101110011111
01101001011000100111010101110011011111
00100000011101100110010101101100011111
01101001011101000010111000100000011111
01001101011011110111001001100010011111
01101001001000000111011001100101011111
01101100001000000110111101110010011111
01100011011010010010000001110000011111
01100101011011000110110001100101011111
01101110011101000110010101110011011111
01110001011101010110010100101100011111
00100000011000110110111101101110011111
01100111011101010110010100100000011111
01110000011101010111001001110101011111
01110011001000000110111001100101011111
01100011001011000010000001100101011111
01101100011001010110100101100110011111
01100101011011100110010000100000011111
01100101011110000010111000100000011111
01001110011101010110110001101100011111
01100001011011010010000001110100011111
01110010011010010111001101110100011111
01101001011100010111010101100101011111
00100000011011100110100101100010011111
01101000001000000111001101101001011111
01110100001000000110000101101101011111
01100101011101000010000001100011011111
01101111011011100111001101100101011111
01100011011101000110010101110100011111
01110101011100100010000001100101011111
01100110011001100110100101100011011111
01101001011101000111010101110010011111
00101110001000000100010101110100011111
01101001011000010110110100100000011111
01110101011011000110110001100001011111
01101101011000110110111101110010011111
01110000011001010111001000100000011111
01101100011010010110001001100101011111
01110010011011110010000001110110011111
01100101011011000010000001101100011111
01100001011011110111001001100101011111
01100101011101000010000001110000011111
01101111011100100111010001110100011111
01101001011101000110111101110010011111
00101110001000000100010101110100011111
01101001011000010110110100100000011111
01100100011010010110000101101101011111
00100000011001010111001001100001011111
01110100001011000010000001100110011111
01100101011100100110110101100101011111
01101110011101000111010101101101011111
00100000011011100110111101101110011111
00100000011101000111001001101001011111
01110011011101000110100101110001011111
01110101011001010010000001101100011111
01110101011000110111010001110101011111
01110011001011000010000001110011011111
01101111011011000110110001101001011111
01100011011010010111010001110101011111
01100100011010010110111000100000011111
01100001001000000110110101100101011111
01110100011101010111001100101110011111
00100000010100000110100001100001011111
01110011011001010110110001101100011111
01110101011100110010000001100001011111
00100000011100110110010101101101011111
00100000011001000110111101101100011111
01101111011100100010111000100000011111
01010101011101000010000001101101011111
01100001011100110111001101100001011111
00100000011011110110010001101001011111
01101111001011000010000001101001011111
01100001011000110111010101101100011111
01101001011100110010000001101110011111
01101111011011100010000001100010011111
01101100011000010110111001100100011111
01101001011101000010000001101001011111
01101110001011000010000001101101011111
01100001011110000110100101101101011111
01110101011100110010000001100101011111
01110101001000000110111001100101011111
01110001011101010110010100101110011111
00100000010000110111001001100001011111
01110011001000000111010101110100011111
00100000011011000110010101100011011111
01110100011101010111001100100000011111
01100101011011000110100101110100011111
00101110001000000100001101110101011111
01110010011000010110001001101001011111
01110100011101010111001000100000011111
01110110011011110110110001110101011111
01110100011100000110000101110100011111
00100000011101000110100101101110011111
01100011011010010110010001110101011111
01101110011101000010000001100101011111
01101100011010010111010000101100011111
00100000011011100110010101100011011111
00100000011100100111010101110100011111
01110010011101010110110100100000011111
01101101011000010111001101110011011111
01100001001000000111001101100011011111
01100101011011000110010101110010011111
01101001011100110111000101110101011111
01100101001000000110111001101111011111
01101110001011100010000001000011011111
01110010011000010111001100100000011111
01110011011101010111001101100011011111
01101001011100000110100101110100011111
00100000011101010110110001110100011111
01110010011010010110001101101001011111
01100101011100110010000001100110011111
01100101011011000110100101110011011111
00100000011100010111010101101001011111
01110011001000000110110101100001011111
01110100011101000110100101110011011111
00101110001000000101001101110101011111
01110011011100000110010101101110011111
01100100011010010111001101110011011111
01100101001000000110100101100100011111
00100000011001000111010101101001011111
00100000011011000110111101100010011111
01101111011100100111010001101001011111
01110011001011000010000001100101011111
01101100011001010110100101100110011111
01100101011011100110010000100000011111
01101100011010010110011101110101011111
01101100011000010010000001110101011111
01110100001011000010000001110110011111
01100001011100100110100101110101011111
01110011001000000110110001100101011111
01100011011101000111010101110011011111
00101110001000000101011001101001011111
01110110011000010110110101110101011111
01110011001000000111000101110101011111
01101001011100110010000001110010011111
01101000011011110110111001100011011111
01110101011100110010000001110100011111
01101111011100100111010001101111011111
01110010001011100010000001001101011111
01101111011100100110001001101001011111
00100000011001010111010000100000011111
01100100011011110110110001101111011111
01110010001000000110011001100001011111
01100011011010010110110001101001011111
01110011011010010111001100101100011111
00100000011101100110100101110110011111
01100101011100100111001001100001011111
00100000011010010111000001110011011111
01110101011011010010000001100001011111
01100011001011000010000001101101011111
01100001011110000110100101101101011111
01110101011100110010000001100101011111
01101110011010010110110100101110011111
00100000010010010110111000100000011111
01100101011101010010000001100110011111
01100101011101010110011101101001011111
01100001011101000010000001100001011111
01110101011001110111010101100101011111
00101100001000000110100101101110011111
00100000011000110110111101101110011111
01100100011010010110110101100101011111
01101110011101000111010101101101011111
00100000011100010111010101100001011111
01101101001011100010000001001110011111
01110101011011100110001100100000011111
01110000011011110111001001110100011111
01100001001000000111010101110100011111
00100000011011110111001001100011011111
01101001001000000111010101110100011111
00100000011001100110010101110101011111
01100111011010010110000101110100011111
00101110001000000100010001101111011111
01101110011001010110001100100000011111
01100001001000000111001101100011011111
01100101011011000110010101110010011111
01101001011100110111000101110101011111
01100101001000000110010101110010011111
01101111011100110010111000100000011111
01010000011100100110111101101001011111
01101110001000000110010101101100011111
01100101011010010110011001100101011111
01101110011001000010110000100000011111
01110011011001010110110100100000011111
01100101011101000010000001110101011111
01101100011011000110000101101101011111
01100011011011110111001001110000011111
01100101011100100010000001100100011111
01100001011100000110100101100010011111
01110101011100110010110000100000011111
01101110011010010110001001101000011111
00100000011011010110000101110011011111
01110011011000010010000001101100011111
01101111011000100110111101110010011111
01110100011010010111001100100000011111
01101100011001010110001101110100011111
01110101011100110010110000100000011111
01100110011001010111001001101101011111
01100101011011100111010001110101011111
01101101001000000111000001101111011111
01110010011101000110000100100000011111
01110100011101010111001001110000011111
01101001011100110010000001101101011111
01100101011101000111010101110011011111
00100000011001010111010100100000011111
01101101011000010111010101110010011111
01101001011100110010111000100000011111
01001110011101010110111001100011011111
00100000011001010111010000100000011111
01100100011010010110000101101101011111
00100000011000010110001100100000011111
01101101011000010110011101101110011111
01100001001000000110011001101001011111
01101110011010010110001001110101011111
01110011001000000110110001100001011111
01101111011100100110010101100101011111
01110100001011100010000001010000011111
01101000011000010111001101100101011111
01101100011011000111010101110011011111
00100000011101100110100101110100011111
01100001011001010010000001101101011111
01100001011101000111010001101001011111
01110011001000000110010101110011011111
01110100001011000010000001101101011111
01101111011011000110010101110011011111
01110100011010010110010100100000011111
01100110011010010110111001101001011111
01100010011101010111001100100000011111
01101100011010010110001001100101011111
01110010011011110010111000100000011111
01000011011101010111001001100001011111
01100010011010010111010001110101011111
01110010001000000110111001101111011111
01101110001000000110010001101001011111
01100111011011100110100101110011011111
01110011011010010110110100100000011111
01110100011011110111001001110100011111
01101111011100100010110000100000011111
01110101011101000010000001110100011111
01100101011011010111000001101111011111
01110010001000000111010001100101011111
01101100011011000111010101110011011111
00101110001000000101001101110101011111
01110011011100000110010101101110011111
01100100011010010111001101110011011111
01100101001000000111000001101111011111
01110100011001010110111001110100011111
01101001001011100010000001001001011111
01101110011101000110010101100111011111
01100101011100100010000001110000011111
01101000011000010111001001100101011111
01110100011100100110000100100000011111
01100101011011100110100101101101011111
00100000011011100110111101101110011111
00100000011101100110000101110010011111
01101001011101010111001100100000011111
01110100011001010110110101110000011111
01101111011100100010111000100000011111
01001101011011110111001001100010011111
01101001001000000110010101101100011111
01100101011010010110011001100101011111
01101110011001000010000001101110011111
01101001011100110110100100100000011111
01101110011001010111000101110101011111
01100101001011000010000001101110011111
01100101011000110010000001100101011111
01110101011010010111001101101101011111
01101111011001000010000001100001011111
01110101011001110111010101100101011111
00100000011101010110110001101100011111
01100001011011010110001101101111011111
01110010011100000110010101110010011111
00100000011011100110111101101110011111
00101110001000000100111001110101011111
01101100011011000110000100100000011111
01100001001000000111000001100101011111
01101100011011000110010101101110011111
01110100011001010111001101110001011111
01110101011001010010000001101101011111
01100001011101010111001001101001011111
01110011001011100010000001010000011111
01110010011000010110010101110011011111
01100101011011100111010000100000011111
01110011011000010111000001101001011111
01100101011011100010000001101110011111
01110101011011000110110001100001011111
00101100001000000111000001101111011111
01110010011101000110000100100000011111
01101110011011110110111000100000011111
01101100011000010110001101101001011111
01101110011010010110000100100000011111
01101110011011110110111000101100011111
00100000011011000110000101101111011111
01110010011001010110010101110100011111
00100000011100010111010101101001011111
01110011001000000110100101110000011111
01110011011101010110110100101110011111
00100000010001000110111101101110011111
01100101011000110010000001100001011111
00100000011001010110110001101001011111
01110100001000000110010101111000011111
00101110001000000101000001100101011111
01101100011011000110010101101110011111
01110100011001010111001101110001011111
01110101011001010010000001110011011111
01100101011001000010000001100001011111
01110010011000110111010100100000011111
01100101011001110110010101110011011111
01110100011000010111001100101100011111
00100000011100100110100001101111011111
01101110011000110111010101110011011111
00100000011011010110000101110101011111
01110010011010010111001100100000011111
01100101011001110110010101110100011111
00101100001000000110011001110010011111
01101001011011100110011101101001011111
01101100011011000110000100100000011111
01100100011011110110110001101111011111
01110010001011100010000001010011011111
01100101011001000010000001100001011111
01100011001000000110110101100001011111
01110101011100100110100101110011011111
00100000011011010110000101100111011111
01101110011000010010111000100000011111
01010000011100100110111101101001011111
01101110001000000110100101101110011111
00100000011011010110000101100111011111
01101110011000010010000001100100011111
01101001011001110110111001101001011111
01110011011100110110100101101101011111
00101100001000000111010001110010011111
01101001011100110111010001101001011111
01110001011101010110010100100000011111
01110000011101010111001001110101011111
01110011001000000110100101101110011111
00101100001000000111001101100001011111
01100111011010010111010001110100011111
01101001011100110010000001101101011111
01101001001011100000000000000000011111
00000000000000000000000000000000011111
00000000000000000000000000000000011111
00000000000000000000000000000000011111
00000000000000000000000000000000111001
