11011110111110101100111011011011011111
10101011111000010011100011011110011111
10101101011001000001011001100010011111
00001000000000000100010100000000011111
00000000100100110000000000000001011111
00000000000000000100000000010001011111
10101010010000010000101000011001011111
10000111011011001010110001000000011111
10010010010100101111100111100000011111
00110000001110010000000001111111011111
10111000010011000110110111110011011111
11011110110000011011101110011000011111
11011001001011110111010000000010011111
11101000100110001100111011001000011111
01111001010101000010110010111101011111
00101000001000110100110001110110011111
10111000011001000101111011100001011111
11101110111000011100001101111101011111
10111001110001110111100100010001011111
00101010111010001011101101011010011111
11111010101010100110110010111011011111
01110001110100111111000011001101011111
00101001101111100011101010110000011111
01000000000101000110010110000110011111
00110000111010001100000000101011011111
11111100011101011011010111100011011111
00100010110000101010010001011001011111
00110010000101110000001011000010011111
10011000111100101001110100011111011111
00011111101100110101100111111001011111
00100011101110100100111010101011011111
10111101110011110000110001100101011111
11110001011100100100100011100100011111
00101100111011100001110111101010011111
11100000010000110011101000100110011111
10000101011011001110110110011001011111
01011101100110111110001100110010011111
00100011010001101000010100110011011111
11010011010101011101000010001101011111
00100000011001011001011100100100011111
10001011000000000000000000000000110001
00000000000000000000000000000000000000
00000000000000000000000000000000000000
00000000000000000000000000000000000000
00000000000000000000000000000000000000
00000000000000000000000000000000000000
00000000000000000000000000000000000000
00000000000000000000000000000000000000
00000000000000000000000000000000000000
00000000000000000000000000000000000000
00000000000000000000000000000000000000
00000000000000000000000000000000000000
00000000000000000000000000000000000000
00000000000000000000000000000000000000
00000000000000000000000000000000000000
00000000000000000000000000000000000000
00000000000000000000000000000000000000
00000000000000000000000000000000000000
00000000000000000000000000000000000000
00000000000000000000000000000000000000
00000000000000000000000000000000000000
11011110111110101100111011011011011111
10101011111000010011100011011110011111
10101101011001000001011001100010011111
00001000000000000100010100000000011111
00000000100101110000000000000001011111
00000000000000000100000000010001011111
10101010001111010000101000011001011111
10000111011011001010110001000000011111
10010010010100101111100111100000011111
00110000001110010000000010000011011111
00110000100010000110100100000001011111
10011000011001011000010001101010011111
00010011000001111000111001110100011111
10011000001010111000010001110101011111
00010011000110110000010010000011011111
01001101110110000100111111010001011111
00010101101101111100110100000000011111
11001000010010000101100110011101011111
10101011000001001110001111001101011111
11001111110011011001111100100100011111
00010110000110101011111000000101011111
01111101111110100101010101011110011111
11010110010001010010101010001001011111
10011110010010111010110110001010011111
00000000010111010000011101111111011111
11110011001010011001000100001101011111
00110001001010001110110110101001011111
00101010010110011011101101111100011111
10100010110001001101111000101101011111
00110101000110010101010001000011011111
00010110011100010111100000111111011111
00000010010111100111011101000100011111
01101101010000100001101100001010011111
01111000110001011011000111010010011111
11011101010000110001110100110110011111
10001110011011101100111001000110011111
11001001111001111101101000011101011111
11100010110101111000011100100101011111
00111010111110101111101100011111011111
10101010110001000000100000011111011111
10011111111100100011110000010001011111
01100100000000000000000000000000110001
00000000000000000000000000000000000000
00000000000000000000000000000000000000
00000000000000000000000000000000000000
00000000000000000000000000000000000000
00000000000000000000000000000000000000
00000000000000000000000000000000000000
00000000000000000000000000000000000000
00000000000000000000000000000000000000
00000000000000000000000000000000000000
00000000000000000000000000000000000000
00000000000000000000000000000000000000
00000000000000000000000000000000000000
00000000000000000000000000000000000000
00000000000000000000000000000000000000
00000000000000000000000000000000000000
00000000000000000000000000000000000000
00000000000000000000000000000000000000
00000000000000000000000000000000000000
00000000000000000000000000000000000000
00000000000000000000000000000000000000
11011110111110101100111011011011011111
10101011111000010011100011011110011111
10101101011001000001011001100010011111
00001000000000000100010100000000011111
00000001001000110000000000000001011111
00000000000000000100000000010001011111
10101001101100010000101000011001011111
10000111011011001010110001000000011111
10010010010100101111100111100000011111
00110000001110010000000100001111011111
01111011011000100111011010110011011111
01100000100100010100111010111000011111
11010100101010000101101011011101011111
01110110110101011111000010101000011111
10011000110100110100110000001110011111
10001000000000011110001000100110011111
00111111110100110111101000000011011111
01001001001000001100001011001010011111
10110110000110110011110100010011011111
01100101110000111000001101111101011111
10001000111111100001111101100100011111
11011001101110010101001001001100011111
00010001101101101001010100111100011111
10101111011001100100111011111001011111
11011000101011010011111000010000011111
01111001101001111010101110100111011111
01111110000011110010110010111000011111
11101010101010010011110011101100011111
10110111111011001101000000100010011111
10101001001110100101111011011011011111
01100111110001110000001010000000011111
10111011110110001001001011111101011111
00000010101000100110111100000011011111
10001001001001110111110001110011011111
11100001101011101111001011010010011111
00001000101101101110011000011010011111
11000000101011010011011000001010011111
01100000001101001000100110001101011111
11001110010101111110111101000011011111
10101100110011110011110001101110011111
00101000110011000110010111101010011111
11011110110010000011101110011011011111
10100101101101010011100010000100011111
11111111000101011111100011100001011111
00001100100000010011001000011010011111
11010000101100110011101100011101011111
00110101000111001101101101000010011111
11000100100011101000111000111011011111
10000110000101011000100001001000011111
00111100110110010000101101001110011111
00111001110101001001001001100100011111
01001000110100000010000110101001011111
01110110100000100111011110100101011111
11011010110001110101011001001000011111
10001001111110011100001011101010011111
11100110011000101100100001000111011111
01001100110110101011001110101000011111
01001011010101000111000000101110011111
01010010111100100110101110110110011111
11000001110111100011011010000101011111
11000101110111101001010101010010011111
10000001100101000001000010110010011111
10010010100100100101111011011101011111
00011111010101101000111100001011011111
11110110110010000101111000001000011111
00011010011100110011000111011101011111
00010010110110100110000001000101011111
01111111100101111011010101110111011111
00010011010001010110101000011010011111
00111010001100000111010000001100011111
01101001011010100100000011010010011111
01000101000010101000000100101101011111
00110011100111001100001110100111011111
11111110011000010010110001000011011111
01011101110010110010111111101110011111
00111110110100110101000010011001011111
01001101000000000000000000000000110001
00000000000000000000000000000000000000
00000000000000000000000000000000000000
00000000000000000000000000000000000000
00000000000000000000000000000000000000
00000000000000000000000000000000000000
00000000000000000000000000000000000000
00000000000000000000000000000000000000
00000000000000000000000000000000000000
00000000000000000000000000000000000000
00000000000000000000000000000000000000
00000000000000000000000000000000000000
00000000000000000000000000000000000000
00000000000000000000000000000000000000
00000000000000000000000000000000000000
00000000000000000000000000000000000000
00000000000000000000000000000000000000
00000000000000000000000000000000000000
00000000000000000000000000000000000000
00000000000000000000000000000000000000
00000000000000000000000000000000000000
00000000000000000000000000000000000000
00000000000000000000000000000000000000
00000000000000000000000000000000000000
00000000000000000000000000000000000000
00000000000000000000000000000000000000
00000000000000000000000000000000000000
00000000000000000000000000000000000000
00000000000000000000000000000000000000
00000000000000000000000000000000000000
00000000000000000000000000000000000000
00000000000000000000000000000000000000
00000000000000000000000000000000000000
00000000000000000000000000000000000000
00000000000000000000000000000000000000
00000000000000000000000000000000000000
00000000000000000000000000000000000000
00000000000000000000000000000000000000
00000000000000000000000000000000000000
00000000000000000000000000000000000000
00000000000000000000000000000000000000
11011110111110101100111011011011011111
10101011111000010011100011011110011111
10101101011001000001011001100010011111
00001000000000000100010100000000011111
00000000100101010000000000000001011111
00000000000000000100000000010001011111
10101010001111110000101000011001011111
10000111011011001010110001000000011111
10010010010100101111100111100000011111
00110000001110010000000010000001011111
01001100000101110110100000000001011111
10011000011001011000010001101010011111
00010011000001111000111001110100011111
10011000001010111000010001110101011111
00010011000110110000010010000011011111
01001101110110000100111110100110011111
10110101001000110111110001110111011111
10000001001110001111100100000110011111
10010001111001111110100001000110011111
10000011000001000100111100000000011111
01111100101100100010011101001100011111
11110110110010011110110100100011011111
01010010011101000010101100100111011111
01010010110000001110010110010101011111
01110010101111100000001101100011011111
11011000001101101100111010010100011111
11100000011101110011000010101000011111
00101100111010000010001001101111011111
11011000110011001111011011110110011111
01011001110110101010000100011000011111
01100111010011110101000011111100011111
10100010100010001111101000101100011111
01110010100101101010010000110100011111
10111111100001101110011110010111011111
00100000011001111100010100100110011111
00100000001010010111111110011101011111
01111111111101100011111100100100011111
00001111010101001101110000011110011111
00011101101011111010010110001001011111
11010010110001101100111111100010011111
00101100111000000110110100000000111101
11011110111110101100111011011011011111
10101011111000010011100011011110011111
10101101011001000001011001100010011111
00001000000000000100010100000000011111
00001001001111000000000000000001011111
00000000000000000100000000010001011111
10100001100110000000101000011001011111
10000111011011001010110001000000011111
10010010010100101111100111100000011111
00110000001110010000100100101000011111
11100000100110100110010001111000011111
01101110110111011101111010110010011111
10010101010110111011000000000010011111
10000111001010001011011000010001011111
01000011111101011011110000111100011111
01011101011101111101110111001001011111
00100000010111010110110010010011011111
10001100111101001001010101111101011111
00111011000100010101101100101101011111
01110001010001010000110111110100011111
11000010111110000001010001111101011111
01000111001000000111110110000110011111
10100110111001110110100100001110011111
01001100000110111101001101001011011111
01011110110101011100100010010100011111
01001110100111001110110100100000011111
11001111011010100100111111010110011111
11000010111011100111111110010111011111
00011101111110100000100110111011011111
11101101010000011100011110101111011111
01010010010111010101000111000001011111
01000100010011110010001001010011011111
11000101100101001111011111010111011111
10100101111110001111101111101101011111
10101011010010000110110000100001011111
01011010101000001110100001100001011111
00011111010101100110011100001110011111
11010001011100010100011100111110011111
00000110110001100100111000010011011111
00010101011101011110010100100000011111
01011111001011110101110100110001011111
00010010111000110001001100001101011111
11110011010010101100000011101010011111
10001010001111011011000111101101011111
01010010111101110111011101011001011111
11111110001010010011000011001101011111
11101010001000011011110001001100011111
10100010101000101011100111000100011111
11010110011010111111011111111100011111
10111001010101110111101110100001011111
00011001011101101100111010100000011111
11011111101101000110000101010000011111
10111001010111011010001110001001011111
11111111010101100111111001101111011111
11010010000101010100001011011000011111
00101101101011101010010101001001011111
01000111001100101100111111001001011111
10011000000111100101110101011010011111
00010001110110111110110110110000011111
00011101011011001011100001100101011111
00010001000101000110101010111000011111
00011100010011101111111111100000011111
00010011000101000000110110001000011111
01011100111110100010000101001010011111
00010000010100000111011011010101011111
11000100100000001100001001100100011111
00011100010111011000000010101100011111
01010001010010001110010101100010011111
11101111001001111010111001011111011111
00110101111001110011010111101110011111
10110001111000111000111000111100011111
11110100000010110110110010101101011111
11010101101001111111111101010010011111
10010011011010111001101100001110011111
10110111001111000111100100101110011111
00101101111110101011111111101010011111
01111111011000110001000110110101011111
10111001010000100000000000000000011111
01110111000110010001010001011111011111
11011011000100111101001100100101011111
10010111011111001111010100100100011111
01100111010101000001100100111110011111
01100100011010110001100001111101011111
00001111001010101110100101101001011111
00001000011101100001011010000001011111
11100101111110100001111100100000011111
00011011110010010010010001011110011111
11011110010011100110101001100000011111
11000000000110011011100100110000011111
01011111000011101111101111101010011111
01000011000000000010000011101011011111
10011000101111111101011111001110011111
10100001000110110001011111011010011111
01100001101111011001111111101000011111
11001011011100111011001011111111011111
00100100111010111100100010101110011111
10101010000001111000011100011100011111
11001001110011110110001101100000011111
01001000001001101001111000100010011111
01101001101000100100100111010100011111
11010000001010110111110110101010011111
01100110001010111101110010100001011111
00110111110111101111100001101001011111
10000001110000110111110001010110011111
00001100111110001111011110111101011111
10010001011101011111011010101101011111
11111101001101110011110010000011011111
11100001110000111001100100001110011111
11101010010010001000100000111011011111
00101001000100010001010100001100011111
00011110001000101011101000000111011111
10001011000001101100100010011000011111
00010001011110101100100101010111011111
10110101000110111011010101101000011111
11010100000011010000100000100000011111
01010000100001011100001011010110011111
10011100010100011110011110000011011111
01100100100011000011001011010111011111
11011000100100000101010010000100011111
00111111111100111000011101100000011111
01110001101011001101111100010011011111
01000001101100001111000001100000011111
10010111001000000100000001010111011111
11110110101101010000011110110000011111
11011001111111100001011101101110011111
01100010011000010001010011100100011111
10100111011101010111100111101100011111
00100110001011111100010111101111011111
00111010100110101011101101000011011111
00100010000001111101010101001000011111
00100010101110001100111111001010011111
11001101000100001001110111010000011111
10111110110111100110111000001100011111
10101010000010100100101110010111011111
00110010011111101100101010010110011111
01001011111100110101101010101010011111
00010011100001010001001010001011011111
01000111101100000010111001110010011111
10010011000011110000101111111110011111
01111110110001000011010010101001011111
11011101101111101000010110010100011111
01011011101101110011110111000111011111
10111110110110101010110110100110011111
00011001001011100100100110111110011111
01010011110110001101100101011111011111
01111001010001111010100100110100011111
11001101010010011100010100011110011111
01100101100100100101001111101101011111
11100010101010111111001011001000011111
11011010100111000101010010100101011111
10110111100000100111011010101010011111
10000110110000111011011110001110011111
11011101110110110011001001010010011111
01011011010101000011100001000111011111
01101010101011000011011010001011011111
11100111110110011111100101011001011111
01010010011000011000010010100111011111
11110001011000111011011100011110011111
00011110101101000110011010011010011111
10001101110010111111000000010010011111
01110001000010011000001111011101011111
11010011000110001100000111000100011111
11110110000011000001001110110110011111
01011011101110110001101111110011011111
10100111011101000010001011111110011111
11111110100100001010011001010101011111
01100001011110001111011110111001011111
01111010001101100011110100000001011111
00000010000001110110001000101001011111
10101101010001011101101101000011011111
00110001000010100010011110000110011111
10011011100111100111010100010010011111
10111000100001100010011010001101011111
01000111101100011000010110101111011111
11101111110000000011110110000101011111
11110010010110000101110101010111011111
00010100011001100100000110000110011111
11010000001000100000100001001011011111
01101111011000100101011111000000011111
01001000110100001111101001011111011111
11001100111110010101011010100000011111
10011001011111101101101000100111011111
10101010111100111111000111101001011111
10100011001000000001000101010110011111
11110100001000100110111010100010011111
11000111000001100000010110011011011111
01001011101001010011100011000011011111
11000111110001011011011001101000011111
00011001101111001111011110000011011111
10000101000101011101110000101011011111
00111100110010100001101110000111011111
00001100101011000000100011000111011111
10000110101010110101100010111011011111
10011111011011101111010111100010011111
00101110111110111111001010010110011111
10000011100000110101101110001110011111
00001111000100001001111100110001011111
00001111000110000110010101101001011111
10101011000110010000111110010111011111
01101100111000001000101110001010011111
11010011111001001001110110011111011111
01111010010011110100001101101011011111
11100100010111110001100000011111011111
10001010110100001001110011001110011111
11000000100010110010000010011001011111
00011100011001111110001110100000011111
01000001110110000111010000010011011111
01111001101101111101101011001010011111
00111111100100000000000100011101011111
11000100010111100010100001111110011111
10001110011101110100110010000010011111
01001100111110110011110100001001011111
11001011110011100001001000110000011111
01110101100110000001111101011010011111
10011001010010000010100010101100011111
11001110111100011101000010000011011111
11000111100011100111000101100101011111
01101000110000110001101010101010011111
01111110100001101000011011011110011111
00001111111101111101010000000010011111
11101110101001010011001000101001011111
00010111010001001110100000100010011111
00010110101001111000010111110000011111
11010111010001011111110000010101011111
00011111000111101101101011100001011111
10111101000000101001100010100010011111
00011101010100001100000011001110011111
11100001100111001101101111111011011111
00110111000100111000111101000110011111
10110111100010111110000111000110011111
00110011101110101111111111110000011111
10111101110110101011001111100110011111
00101100000101001111110000001110011111
01011011110001000010011110001110011111
00111001001111101110011111011010011111
01010111001000111010011000011100011111
00111110011100011111101011110010011111
10111101111001010100000010111011011111
11101001111100011101100010011100011111
10111111101100101011101111100101011111
11110010111010000011000001011100011111
11100011111111000001110011010110011111
00111111000010011111011100111111011111
10001001101111010111010010111011011111
00011011011101011000010101100010011111
01010110101000110000000000001101011111
10101011000111000000010111000000011111
00001001011100000100111101110010011111
10110000100011001001000110010011011111
01100001010101000111011100001001011111
00010011110110110000000011100010011111
10011110011101011101010111010011011111
11101111111001000000010110110101011111
00011100011011010010110101001011011111
00000011001000110101101101000100011111
10011010011101011101010100110010011111
10011101001111100111101010010111011111
10011001000000001110101011001001011111
11001110001010100111111001011001011111
10011101100100111100000011111001011111
00101011010000001001000111100010011111
10100101001001000110101110011100011111
00011000101011000100110010100010011111
10111101001110111111011001111111011111
10111011100111110000001101011010011111
00010010010010010100001101100010011111
00100111110001110010001001010001011111
10001001100110001010010111000011011111
00011000001011010101001010101010011111
01111111110111110101111010101011011111
00111010110101100111100010111011011111
01001010011111110111001000011111011111
00111010101011100110111111010101011111
01100001010111011011110101101100011111
11000100011100011001000111010100011111
00110101011110101101111101100000011111
11010000010101100111111011001001011111
11100000101001101100100101100110011111
00001101001110110100111100100111011111
00000101100111110010000010110001011111
11001011111011101001010111110000011111
01111111011000000001101010010101011111
10101110100011101101111100010111011111
00100010111001011010010001011000011111
10010101111111001011101010000100011111
01001011011111000001100010100100011111
11001010100111100110010011110110011111
10101110010101010110110010110111011111
11100011111001100110101010100111011111
10011001100011000000011100001010011111
00111111100101111011100111010001011111
10000101001001000100011100101101011111
00101101111111110101010101000001011111
10011001011111001001010011001111011111
10010111110011011100001100110011011111
11101001011111110010011001110110011111
01000100011110010010010010100001011111
00100101110101111000001111000110011111
01011110110110010101101010111011011111
11111000101111001111111001010101011111
00110001000010100101110010000011011111
00101011001111000011000011011000011111
00001011010000111010100101111101011111
10111000000111101010101001011011011111
10101101010011101111100010101100011111
01010111011101010001111001000111011111
10111010110110101101010001111110011111
00110111110001011100111010100101011111
11000001111101000000000000000101011111
10011111011001011111001111001101011111
10000101010001101000100001111100011111
10010111111001110110000010001110011111
11010010011011011100100001110111011111
10110001010011100010010010101101011111
10010100100111111111010011100001011111
11000101100110000001001101010011011111
11110000100011101001000001000001011111
01011011000100110111111111110001011111
01011111101001010010001010000011011111
11111011011011101001000001010111011111
01000111000110000011111011010111011111
01101011100011011011111011101010011111
01010011010000100110100111110111011111
01000100010001100100110111110010011111
01101101110010111101011011000100011111
10010010100001111110001000000110011111
01011010000111010101101010011111011111
00010101010101000111000110001000011111
01110101011111001011011100101011011111
01100011011110000111100110011000011111
00110111010100000001010101111101011111
01010100000100010011001100000011011111
10111110011011001101001010010111011111
10101000100000111010000001001000011111
00010101000101111110100101000011011111
11001110001010101100001100001010011111
00011011100100111001111110010011011111
11110111001111011001101000011111011111
00111011101011100000101010010110011111
01110010100111000000001010110110011111
01111100010010100100110011000101011111
00101011010011010000100110101111011111
00011111110010001110110101000101011111
01101010011011011000100010110001011111
11101011100001101111000100001110011111
10111001010000011010101010011000011111
00011100001000111100000011010101011111
00101111100001110111000010011001011111
01011001001110001101101010000010011111
10111100010001000000001011011100011111
10101000100010011001100110100011011111
11010011000001100001110110011001011111
11011011100001000111110101110101011111
01110001011001011011100010011110011111
00000000011101000001010110100001011111
00001011010000100101111010110101011111
01001011111000100110110011100010011111
10011111000001010100110000000001011111
11010110011010010110010001001101011111
00010110100110010000110100111100011111
00010100110000010110001111011001011111
00101101110001111100000010010100011111
00000110101000101000110011010011011111
00111110110111000011010100010101011111
00110000000011100110011011101110011111
11101101011110101100100001110000011111
11111010100010011110110000101110011111
11110001110101110111001010111110011111
00101100001110011101001100001111011111
10010001011111011111110101011101011111
10001001111000000100111111111101011111
11000100001111001000011101100011011111
10000000001100011100011101001110011111
11000100011111111010000101100010011111
01000000010101110001011010011011011111
10011100100110001011000110000110011111
00010101100100110001111011100101011111
00111101011001111100100110001011011111
11011100001110001101110101011111011111
10101111101101101001110110101100011111
00000000100110001100001000101100011111
10100110100110111011111101000101011111
00011110010100001010010110110000011111
11110100101110101011001000101000011111
00100101101010110111001110000100011111
00111001111010011011110100110011011111
11100101010001000000000011100111011111
10101110011011100010001010000000011111
11001010000110001110111000000100011111
10111110011001011101000000011011011111
10101000000011000101001111110110011111
01000010110010101111110011111001011111
01001001101001011010000010101100011111
10000010010000010001001100000001011111
10001101000011100000111110100000011111
01101100111011010101101000011100011111
10011100001011100111011010110000011111
00110100101111011100100101011100011111
01011001010011000000000000010111011111
11100000100000010001000110010011011111
01110111110011101110110011011111011111
11110101110101011001111001000001011111
01100010101010001001011011011000011111
10011011101010101011100000010000011111
00000111001010100011000001000100011111
01011111101001100101100100011001011111
11101101110010111100010100000010011111
10000100111110101010001110110001011111
01000010000000100000000101011100011111
11010001001011101100101000000011011111
01111000100001010100001000010110011111
01111111000100100101111101001111011111
01011001100010010001010010011010011111
11001011111111101110010001101000011111
01010011101111100000111110111111011111
01111001100001011011001100101010011111
11011100100101010100100110111110011111
01100010000101010101110101101000011111
01011110010011000100001010001100011111
10101010101111111010110010101111011111
01010010010100000110101101110101011111
11101101111000011111111011100001011111
01001011110001100010110011010000011111
10001010111001000101111010100101011111
01001001001001111001010010011001011111
10010001101111111000101110101011011111
01011110011110101111110101110100011111
11100001110010100000100111010101011111
00001011010000010011111010001011011111
00100000000110000000111001011000011111
00111100000000001011001101001101011111
10010111100011101100110011011000011111
01100010100010101110010011011101011111
01010011111110100110100000111000011111
01011101111101111100111111111000011111
10100100011000011110100010111010011111
11001110000100100010000011110100011111
10011111100010011000101101001000011111
00101011101101011001000100100001011111
00000001111011100100110011111111011111
11110001101010010111101110000110011111
00101011110000001110001111100101011111
01000010001011101000000100110011011111
01110110110000110110110110010101011111
10001010100111011110111100111001011111
00010000010101111000111101011100011111
11010110111010010111011001010011011111
01110110110101000100110110110110011111
01000000000110000100101110010101011111
01001010010011111101001111111101011111
01110010011010011011000100010110011111
11111111110111100010011011001000011111
00000100100011010011100110001011011111
10110100100100110110110011100111011111
11011101111101010001101010101100011111
10010110011110101011101001110110011111
01010011000100000000000110000100011111
01000001000111101010100111011000011111
01111011110000111100110001111001011111
00011000110001000000001001001110011111
00100111000111001001010100000101011111
01010100100100111011100010110101011111
11110001011001110101100100011011011111
11011010001101110110000101100100011111
10101000101101100110000001011100011111
00101111000000100111100100000100011111
11111100010001011100011000111100011111
00000010100010001010010110111110011111
01110011111001100011011000101101011111
10100101001110011011010010010111011111
11111101000000101010010001010111011111
10010110111001100011111000011001011111
10101111101000010101000111100101011111
11100111100000011111001101001101011111
11100100110001100001100100110001011111
01101010100110111010110100100001011111
11111101000000010101111101111011011111
00101010111111110111011111111010011111
11010100110110100100000110111110011111
11111001011001010111000100100001011111
00101001010010101101001010011010011111
11100001001111010011110110001110011111
00100000111110001110010100011111011111
10010001010010010110000011111100011111
00000001011000001010000011111011011111
11110110101010100011110111101001011111
00111011111001100111100010110110011111
01011110101100011011111010010111011111
00000010000111111111001110101000011111
01000011110111001101000101000111011111
11011000101100111000000110011101011111
11110100001111101011111000011101011111
01100011000110101000111011000110011111
10010001011100110100011011110111011111
11010001110010000110000010001111011111
00100010001100000101100111100000011111
01011001101100101110100111111001011111
10011000111101010001000110010110011111
11010000111001011010101000101010011111
01110011110001111000101110011110011111
10000100101010000001001000011110011111
11110000010110001001000010101001011111
11100000000101011000001010000010011111
11111011100011111011011100010010011111
11100010100011111111001000100011011111
11100100100110101101011010011000011111
00011011101001000110110100001010011111
00101001011011011110100100001000011111
01001000100100101111110001111111011111
11000000110011110011110111011111011111
11100001000110101100100111101111011111
11000110001101101100111110110101011111
01100000100111011001000111100011011111
00100001111011110000110101011010011111
10000011000011000011010110010001011111
10110101100111000010011001100101011111
11110000101001101010001110111110011111
01011000000101000000111010111101011111
01100101101001000111100001001110011111
00000111111100100000101101100111011111
01011000001100011011100110111010011111
00100100100100110110110010011110011111
00000111110001110101011011000000011111
10010001100000001001001010111110011111
11011000101100000110100110011100011111
11111000000011101110101000100100011111
10111110101010111001001000111100011111
10000000001011110011100110000000011111
01110001000110001110000010100010011111
01011111001100001111111111011011011111
10110010101101011110011110100101011111
11111001010111010100000010110001011111
11110110000110110010011001000110011111
10001101010101010001110111100000011111
11100100011101000001100110100100011111
00000011100010000100001110101010011111
11100001011011000101000010101011011111
01100101110100011000010000011111011111
10001100000010101011101101011101011111
11011101010010110101111100100101011111
10000110101101000010001111001011011111
10000000001101100100100101111100011111
01111110101001001110101110100010011111
10111010011101110100000101001011011111
10101001001101101101000010010110011111
11001000011110000001000011100010011111
00110100101110011101110110001111011111
11010111110100000010110011001001011111
01110100100111101010010101010011011111
11010101101101111011011000001011011111
10001100010111110111000000100011011111
00011011011110010000100010110100011111
01000100101111111101001010011101011111
10100001001010111100011111001001011111
01100011100001000010011000011110011111
10110010011110110011100111110010011111
11010110001111010011001111001110011111
10011111100100010011000110010111011111
00001100010101101010011110110001011111
01111010010100110101011111111011011111
01101001001111001000101001000000011111
11100101101100001111101010010001011111
10010100010000000000010000100001011111
10101001011100011111111111110011011111
01110111101101001101110001010100011111
00101001010010010000010100001111011111
00100011000000110101111101101000011111
10110110010111001100011110011111011111
11100000001101110101001100000010011111
01101011000001000011000001111000011111
00110001110100001101111101000110011111
11001101111000001011001101111100011111
00100101100111011100110000110001011111
11100111111000010111011101111100011111
10110011001001101111111010010100011111
00111011111001010100000011110100011111
11100010110000010111100000011111011111
11101101000010100011001001111010011111
10111111000110101000101110000100011111
10010010011001111100011010000010011111
00101110110011101100101000100001011111
10100100001001011001010101011001011111
11000001110011011100010010011100011111
01011011011001000011011001011010011111
00010001011100110111001011100010011111
00001011100110001010101011101111011111
10101011111111000010000100101000011111
00111000000001101000110101001011011111
11000111011101001011001100100011011111
00000010101110010100101010001101011111
11010110001110111011001111101100011111
00110011111000011110010111010011011111
00010100110001100000111010001001011111
00010000000010100010100010010100011111
10101101100000000000000000000000111001
