000000000110101100111110101000101111001111000010110100011101110000000101101100111000100011111001110101110101011101101101100001100000101111
000000001011101000000010101111110110101110001001001011111010110001011101100100000000011000111100011000111000001001010010101001001111101101
000000001100000000000000000000000000000000110101000100100000000100000110101111101000110111110000000011001000101111111000011000111011101110
000000010000000000000000000000000000000000000000000000000000000000000000000000000000000000000000000000000000000000000000000000000000000000
000000010100000000000000000000000000000000000000000000000000000000000000000000000000000000000000000000000000000000000000000000000000000000
000000011001100011010100000010100001000001011010001111010100111001111000010100011101001101010100100101100011001100101111110010101110011100
000000011100110010101100000101111000010000110010010001010010010101001110000101000000100000111101000110000001000011100000111010101111000111
000000100000000000000000000000000000000000100000011000100000100011001111110010110011101000000000010001011100100011101110001101100111011011
000000100111000001100110101011011010110111011010000111111100010110011010111100010010110001010000000001001101010010000111010110001110101110
000000101000000000000000000000000000000000000001110000111110001011101100011110100010011101001011000110000110101111010011010101110011100101
000000101101111111001100100001100101010011000010000011110111111000100110000111001000111000000111011011110111100010011111111111011100001011
000000110011110100101101111101001110001010111001101100011110111101110101000000100000000100101101000000011001010110101110100101000110101100
000000110100000000000000000000000000000000101111000100100010100100111000010010110010111101110110010001101000101001111110101011010010011110
000000111000000000000000000000000000000000000000000000000000000000000000000000000000000000000000000000000000000000000000000000000000000000
000000111100000000000000000000000000000000000000000000000000000000000000000000000000000000000000000000000000000000000000000000000000000000
000001000000101011101110110101000000110111100101001011000110110110011101110111001010000000000000101110010111000101011101101010001110011011
000001000100000000000000000000000000000000000000000000000000000000000000000000000000000000000000000000000000000000000000000000000000000000
000001001000000000000000000000000000000000000000000000000000000000000000000000000000000000000000000000000000000000000000000000000000000000
000001001111110111010010010100110000100011101110011010001010010101111000011001010001010111100111100100001101010010100000001111000011011110
000001010000000000000000000000000000000000111110000000000100001100011010000011011000110000101111101010001100001110101111111001110100010011
